每幅图像的标定误差：
第1幅图像的平均误差：0.119401像素
第2幅图像的平均误差：0.199084像素
第3幅图像的平均误差：0.132705像素
第4幅图像的平均误差：0.106529像素
第5幅图像的平均误差：0.178261像素
第6幅图像的平均误差：0.299521像素
第7幅图像的平均误差：0.223163像素
第8幅图像的平均误差：0.305843像素
第9幅图像的平均误差：0.281503像素
第10幅图像的平均误差：0.236187像素
第11幅图像的平均误差：0.181648像素
第12幅图像的平均误差：0.221061像素
第13幅图像的平均误差：0.179722像素
第14幅图像的平均误差：0.203171像素
第15幅图像的平均误差：0.160348像素
第16幅图像的平均误差：0.247091像素
第17幅图像的平均误差：0.176558像素
第18幅图像的平均误差：0.283703像素
第19幅图像的平均误差：0.153866像素
总体平均误差：0.204703像素

相机内参数矩阵：
[1155.165614295609, 0, 616.8970358692782;
 0, 1154.061034806432, 498.307933533021;
 0, 0, 1]

畸变系数：
[-0.1808853820844811, 0.1823435790097132, -0.0007463067840897417, 0.003111657372687885, -0.00937354488181835]


第1幅图像的旋转向量：
[-58.57561416364219;
 63.07366076534193;
 236.4626215932946]
第1幅图像的旋转矩阵：
[0.9534291979498639, -0.2941013080377827, 0.06691177106566842;
 0.288355732168163, 0.953854671096007, 0.08373910767431814;
 -0.08845188648322816, -0.06054491753065311, 0.9942386920346464]
第1幅图像的平移向量：
[2.840199972634522;
 -0.5329189832637465;
 0.1827461885298459]

第2幅图像的旋转向量：
[-104.2826256468771;
 52.78596721870185;
 244.7881101085567]
第2幅图像的旋转矩阵：
[0.5465486628111315, -0.8373323427650422, -0.01261375990614483;
 0.7577217051442217, 0.4880590067532996, 0.433193055669543;
 -0.3565702970421082, -0.2463188049796206, 0.9012128880462786]
第2幅图像的平移向量：
[2.877472668289198;
 -0.05249813984926772;
 0.2127721415579959]

第3幅图像的旋转向量：
[-119.25612224181;
 33.3763282551207;
 287.5865610715489]
第3幅图像的旋转矩阵：
[0.5759131748184357, 0.7731658696837986, -0.265590950573707;
 -0.8134427952933112, 0.5095931093387903, -0.2804027134316428;
 -0.08145448947697274, 0.3775306621594052, 0.9224075917258741]
第3幅图像的平移向量：
[2.439207645836638;
 0.3714788236203007;
 -0.06545378843367447]

第4幅图像的旋转向量：
[-90.7060825994685;
 -12.92110367264163;
 332.6263423251369]
第4幅图像的旋转矩阵：
[0.8573460864162588, 0.5143926012262888, -0.01891929994416446;
 -0.511374862913215, 0.8469687713298348, -0.1453948072405633;
 -0.05876595687313858, 0.1343285233883043, 0.9891928073520866]
第4幅图像的平移向量：
[1.971007376035687;
 1.125596740616948;
 -0.4277309122065395]

第5幅图像的旋转向量：
[-89.48569417507228;
 -74.32567299119867;
 294.8846959214209]
第5幅图像的旋转矩阵：
[-0.7992784144722563, -0.146294467024736, -0.5828824453323882;
 0.4050960630700626, -0.8475941211546426, -0.3427555768608659;
 -0.4439044895513582, -0.5100805178616779, 0.7367269979131417]
第5幅图像的平移向量：
[1.846805934437557;
 1.733223472164951;
 -0.01884602510582568]

第6幅图像的旋转向量：
[-109.6513788557594;
 70.4653466999726;
 260.8680022899101]
第6幅图像的旋转矩阵：
[-0.5904367077474537, -0.6361599289667992, -0.4966739764889083;
 0.2995637061200174, -0.7441724630205837, 0.5970501915731353;
 -0.749430503862758, 0.2037348523420448, 0.6299571650685283]
第6幅图像的平移向量：
[-2.9983808443403;
 -0.407331107513383;
 -0.3884138433376091]

第7幅图像的旋转向量：
[-96.3378124137802;
 89.66206558541214;
 258.4864371118146]
第7幅图像的旋转矩阵：
[0.5647696191950282, -0.8163364067760579, 0.1209551495648592;
 0.7158894774415214, 0.5575500103784282, 0.4202859050878581;
 -0.410533230473257, -0.1507741917536593, 0.8992939507070101]
第7幅图像的平移向量：
[-2.796461500198848;
 -0.2345384861306115;
 -0.2754229876717005]

第8幅图像的旋转向量：
[-83.84959501843051;
 93.53311048469411;
 314.5025617126658]
第8幅图像的旋转矩阵：
[0.8190634703451645, 0.5349300951542835, -0.2073278197550076;
 -0.5612914056505576, 0.8219502589304125, -0.09669400078106659;
 0.1186886240924421, 0.1955698472220521, 0.9734810965645846]
第8幅图像的平移向量：
[2.881589852590543;
 0.06696709897991736;
 0.09569365044091614]

第9幅图像的旋转向量：
[-102.6578199745328;
 58.71486008022909;
 255.770174599821]
第9幅图像的旋转矩阵：
[0.6333888651366829, 0.709061991229599, -0.3099187605072994;
 -0.773237897526212, 0.5956384905341215, -0.2175268774737419;
 0.03035950180928532, 0.3774200328384135, 0.9255443908652587]
第9幅图像的平移向量：
[2.835167582640523;
 0.1352979899200857;
 -0.01033757141254964]

第10幅图像的旋转向量：
[-56.49114522791285;
 66.90438746051102;
 254.3398432041604]
第10幅图像的旋转矩阵：
[0.4030206146423736, 0.8437281127791274, -0.3545380880518421;
 -0.9089717587820056, 0.4141113069618184, -0.04777203348322259;
 0.1065116233564719, 0.3415182237488168, 0.9338204200687745]
第10幅图像的平移向量：
[2.661723939914645;
 -0.120102642376716;
 0.2811663702048677]

第11幅图像的旋转向量：
[-71.06609100353822;
 -68.78860311536768;
 283.7652563677785]
第11幅图像的旋转矩阵：
[0.4967082181817204, 0.8639034003088046, 0.08337782034585529;
 -0.8061854408194205, 0.4948278834019804, -0.3243615279571744;
 -0.3214746972959725, 0.09389505174822256, 0.9422514198745797]
第11幅图像的平移向量：
[2.112798817016493;
 1.433819810518663;
 -0.2838401181842876]

第12幅图像的旋转向量：
[-106.3492311124478;
 -4.235221617220962;
 270.558342935478]
第12幅图像的旋转矩阵：
[0.01038677694641424, -0.9150028941678668, -0.4033135486555011;
 0.92717813932242, -0.1422350423129514, 0.3465687387818588;
 -0.37447671867191, -0.377543237792257, 0.8468933172307236]
第12幅图像的平移向量：
[2.791245911315294;
 1.035166887733213;
 -0.2316733401771651]

第13幅图像的旋转向量：
[-97.12273273991501;
 42.84305635091005;
 261.900878084036]
第13幅图像的旋转矩阵：
[0.990427467895369, 0.1356140752035405, -0.02573428540014887;
 -0.1367452124232226, 0.9893948417776953, -0.04897544224421935;
 0.01881960992410812, 0.05202566357460126, 0.9984684034119091]
第13幅图像的平移向量：
[2.761695997090623;
 0.1786544001612342;
 0.009175943711534473]

第14幅图像的旋转向量：
[-77.72374538215256;
 -60.83362676240593;
 248.3380896065804]
第14幅图像的旋转矩阵：
[-0.8129853011384511, 0.3136566363739235, -0.4905857871885591;
 -0.05140007103912625, -0.8778877796178408, -0.4760998625234313;
 -0.5800111488842216, -0.3618460457933094, 0.7298318342698894]
第14幅图像的平移向量：
[2.252069323729345;
 1.546140794753133;
 0.5114531543418435]

第15幅图像的旋转向量：
[-80.2378766487391;
 54.33799694058825;
 213.8618363862606]
第15幅图像的旋转矩阵：
[-0.481400787627753, -0.8027892855742844, -0.3518275779959683;
 0.5374813269762657, -0.5874487149225996, 0.6049940747541408;
 -0.6923634196166142, 0.1021438706086485, 0.7142825245474453]
第15幅图像的平移向量：
[-2.667946788225807;
 -0.7720085472179182;
 -1.200782196937249]

第16幅图像的旋转向量：
[-69.64263008549928;
 49.9233438052274;
 233.5900379735919]
第16幅图像的旋转矩阵：
[-0.6691716468950162, 0.4474671207390405, -0.5932811162082648;
 -0.6508917745417703, -0.7381469404219649, 0.1774232007927862;
 -0.3585375919282062, 0.5048883740028136, 0.7851996720396144]
第16幅图像的平移向量：
[-2.979365917781181;
 -0.6499487204061369;
 -0.8007128232496421]

第17幅图像的旋转向量：
[-97.61689396434068;
 42.07579228784297;
 238.6376680024867]
第17幅图像的旋转矩阵：
[-0.6196007740336766, 0.3164367792432056, -0.7183053985311927;
 -0.5430168559501792, -0.8336051210304851, 0.1011691472027542;
 -0.5667694195798245, 0.4527364210376022, 0.6883328832005718]
第17幅图像的平移向量：
[-3.022820576218847;
 -0.7965250196241649;
 -0.5587133482634342]

第18幅图像的旋转向量：
[-95.33098192854818;
 -73.14340030794949;
 259.6228231574954]
第18幅图像的旋转矩阵：
[-0.7609945407084967, 0.3449899798986365, -0.5494262669197775;
 -0.007438095283606283, -0.8514729943688037, -0.5243457014214716;
 -0.6487156416723866, -0.3949375313010419, 0.6505323686177515]
第18幅图像的平移向量：
[-2.122065724994819;
 -2.352075944883514;
 -0.1870771198627691]

第19幅图像的旋转向量：
[-66.58196165792118;
 -81.99707675252824;
 248.7749979803114]
第19幅图像的旋转矩阵：
[0.9959695367600158, -0.08485802213808702, -0.02904820002774021;
 0.08549943334612173, 0.9961040781492395, 0.02159889793359403;
 0.02710219075151968, -0.02399544901154509, 0.9993446300867397]
第19幅图像的平移向量：
[1.658948567316918;
 1.736267133618862;
 0.1225565831028177]


