每幅图像的标定误差：
第1幅图像的平均误差：0.0656573像素
第2幅图像的平均误差：0.0365292像素
第3幅图像的平均误差：0.056357像素
第4幅图像的平均误差：0.0414993像素
第5幅图像的平均误差：0.0430985像素
第6幅图像的平均误差：0.0870553像素
第7幅图像的平均误差：0.0420107像素
第8幅图像的平均误差：0.0662839像素
第9幅图像的平均误差：0.052321像素
第10幅图像的平均误差：0.0410423像素
第11幅图像的平均误差：0.046423像素
第12幅图像的平均误差：0.053003像素
第13幅图像的平均误差：0.0438442像素
第14幅图像的平均误差：0.0509311像素
第15幅图像的平均误差：0.0568637像素
总体平均误差：0.0521946像素

相机内参数矩阵：
[1152.195197178761, 0, 611.574705796087;
 0, 1152.841197789385, 502.5554719939521;
 0, 0, 1]

畸变系数：
[-0.2132339464479368;
 0.3584186449258908;
 -0.00121915745714334;
 -0.001944591250376644;
 -0.07942466741526423]


第1幅图像的旋转向量：
[-82.28333132655816;
 -97.95791596471032;
 611.7481597930482]
第1幅图像的旋转矩阵：
[-0.9466613974258925, -0.1490242607279723, -0.2856990870446348;
 0.230782424654166, -0.9323329228899946, -0.2783788665939706;
 -0.22488146009487, -0.3294648548933268, 0.9169957678723055]
第1幅图像的平移向量：
[1.823201979583689;
 1.847684577803578;
 -0.6689870852603009]

第2幅图像的旋转向量：
[-85.50859268288491;
 -129.4145957250707;
 621.9863297884377]
第2幅图像的旋转矩阵：
[0.9888438102596889, -0.1455195809279272, -0.03181148342439738;
 0.146131327389925, 0.9891046391116147, 0.01782268338777779;
 0.02887133641449312, -0.02227250444927204, 0.9993349696068873]
第2幅图像的平移向量：
[1.962838491524737;
 1.985420010969408;
 -0.4285907086594299]

第3幅图像的旋转向量：
[-82.99207887235674;
 -138.7174675031837;
 626.8802522902997]
第3幅图像的旋转矩阵：
[0.9766672500647956, -0.2090135141026771, -0.04933997946209415;
 0.2103167804989063, 0.9773665651653489, 0.02283526083631546;
 0.04345036813934627, -0.03267947703586636, 0.998520964872154]
第3幅图像的平移向量：
[2.04238709373528;
 2.060470182351235;
 -0.2990078009375543]

第4幅图像的旋转向量：
[-82.47526729239293;
 -146.9990018306243;
 591.5241158887276]
第4幅图像的旋转矩阵：
[0.7805136792491634, 0.613163518112079, 0.121773956827198;
 -0.5988381541771212, 0.7892613220717117, -0.1358654870942289;
 -0.1794192342160466, 0.03312197968165258, 0.9832149677742379]
第4幅图像的平移向量：
[2.125023162708403;
 2.159269999064445;
 -0.1726189901989114]

第5幅图像的旋转向量：
[-82.60138758931724;
 -150.9066766711206;
 534.2086311405985]
第5幅图像的旋转矩阵：
[-0.405429645076483, -0.7995189543639942, -0.4431661590260049;
 0.9132215435629518, -0.33268504206457, -0.2352595910032046;
 0.04065974994582261, -0.5000900962818605, 0.8650183121386177]
第5幅图像的平移向量：
[2.209927290511291;
 2.244472104552152;
 0.006345336528233408]

第6幅图像的旋转向量：
[-12.30183961400397;
 -203.2439392362653;
 619.5208614835038]
第6幅图像的旋转矩阵：
[0.2412610634259795, 0.9264682036244228, 0.2888767331362995;
 -0.9175432817511725, 0.3147171824556543, -0.2430379007078177;
 -0.3160813588110727, -0.2064213233658522, 0.9260036781093457]
第6幅图像的平移向量：
[1.547679802350573;
 2.580868073061045;
 -0.2504072391813758]

第7幅图像的旋转向量：
[-134.7815082240436;
 -118.2822792190511;
 515.8399919913787]
第7幅图像的旋转矩阵：
[0.8774628819413874, 0.4734956603330312, 0.0765555384077571;
 -0.4595460176571214, 0.8756361419137269, -0.1485893826285183;
 -0.1373912241396643, 0.09520087510222965, 0.98593125769963]
第7幅图像的平移向量：
[2.569930820972681;
 1.60620042430354;
 0.1282005856822775]

第8幅图像的旋转向量：
[-73.71193418798769;
 -163.960202047733;
 475.0275058151115]
第8幅图像的旋转矩阵：
[0.5225422611391002, 0.8260819154142012, 0.2110408831227757;
 -0.7803813902498995, 0.5630961109120278, -0.271896406058233;
 -0.3434450044406973, -0.02261501495365427, 0.9389004686458386]
第8幅图像的平移向量：
[1.800837289472749;
 1.88759026692049;
 0.3517893182168499]

第9幅图像的旋转向量：
[-55.39337002546961;
 -134.8290740821772;
 623.671781096792]
第9幅图像的旋转矩阵：
[0.9194909789602137, 0.3856508802260523, 0.07622163860518229;
 -0.3826971802397601, 0.9224789236386284, -0.05074942047998517;
 -0.0898844138175494, 0.0174938281513478, 0.9957985529861382]
第9幅图像的平移向量：
[-2.067013221140276;
 -2.174437822945423;
 0.8401518620196228]

第10幅图像的旋转向量：
[-140.7332317846508;
 -150.1380470857727;
 581.760081700518]
第10幅图像的旋转矩阵：
[0.2768341329752364, -0.8735331643609121, -0.4003781632175525;
 0.9581905217579521, 0.282314358107466, 0.0465781839447732;
 0.07234491573754717, -0.3965329922818294, 0.9151654490849979]
第10幅图像的平移向量：
[-2.073592089521854;
 -2.135845701498813;
 0.632318530245779]

第11幅图像的旋转向量：
[-205.5010652565704;
 -51.51541799711445;
 527.9814804356054]
第11幅图像的旋转矩阵：
[-0.7067678073846464, 0.3146808072034125, -0.6336049684326256;
 -0.1862694498909439, -0.9467966080079954, -0.2624497572905706;
 -0.6824829364035593, -0.06746979059077521, 0.7277807835300494]
第11幅图像的平移向量：
[2.732048536657094;
 1.059956767885126;
 -0.140207192366493]

第12幅图像的旋转向量：
[-178.0059165079935;
 -58.51276660173117;
 573.1478411448199]
第12幅图像的旋转矩阵：
[0.9841920873749324, 0.1766175670724714, 0.01312136235208019;
 -0.1756254719752917, 0.9828460822944962, -0.0562962886149393;
 -0.02283919311248873, 0.05310191634735586, 0.9983278808779252]
第12幅图像的平移向量：
[2.460419552756218;
 1.121183402762415;
 -0.1579046089619483]

第13幅图像的旋转向量：
[-151.5184691829142;
 6.769085612413464;
 483.051363228996]
第13幅图像的旋转矩阵：
[-0.7067293313976661, 0.4550462470312344, -0.541725544168813;
 -0.4700471820875115, -0.8742838897972085, -0.1211747772956581;
 -0.5287620436016541, 0.1689987961609528, 0.831775275024661]
第13幅图像的平移向量：
[2.830006242321189;
 0.6886412918076458;
 0.2860447948069523]

第14幅图像的旋转向量：
[-184.8252715382377;
 -106.1311486165175;
 542.8024575403441]
第14幅图像的旋转矩阵：
[0.434192068672565, 0.9006681659415932, -0.01655603700302027;
 -0.8281033429962272, 0.3918412148050937, -0.400880675137305;
 -0.3545731247857225, 0.1877693192176913, 0.9159806667939083]
第14幅图像的平移向量：
[-2.691542009409885;
 -1.530900273437882;
 0.1462413562282338]

第15幅图像的旋转向量：
[61.1068775549337;
 -156.9541631065863;
 600.855779015718]
第15幅图像的旋转矩阵：
[-0.3853299312489675, -0.9174773115191226, -0.09877361455018449;
 0.8485741760638761, -0.3102534420650812, -0.4285611618010696;
 0.362550288651353, -0.2489541815965574, 0.8980974911803328]
第15幅图像的平移向量：
[-0.6578010407564812;
 -2.897479068770018;
 0.7278359690285306]


